function f = funf(x)
f = 3*x(1) + 0.000001*x(1)^3 + 2*x(2) + (1/3)*0.000002*x(2)^3;
