function g = gradf(x)
g = [3 + 3*0.000001*x(1)^2; 2 + 0.000002*x(2)^2; 0; 0];