function c = func(x)
A0 = [2,2,0,0,0,0,0,0,0,1,1,0,0;
     2,0,2,0,0,0,0,0,0,1,0,1,0;
     0,2,2,0,0,0,0,0,0,0,1,1,0;
     -8,0,0,0,0,0,0,0,0,1,0,0,0;
     0,-8,0,0,0,0,0,0,0,0,1,0,0;
     0,0,-8,0,0,0,0,0,0,0,0,1,0;
     0,0,0,-2,-1,0,0,0,0,1,0,0,0;
     0,0,0,0,0,-2,-1,0,0,0,1,0,0;
     0,0,0,0,0,0,0,-2,-1,0,0,1,0;];
A1 = [eye(9),zeros(9,4)];
A2 = [zeros(3,9),eye(3),zeros(3,1)];
A3 = [zeros(1,12),eye(1)];
A = [A0;-A1;A1;-A2;A2;-A3;A3];
b0 = [10;10;10;0;0;0;0;0;0];
b11 = zeros(9,1);
b12 = ones(9,1);
b21 = zeros(3,1);
b22 = 100*ones(3,1);
b31 = zeros(1,1);
b32 = ones(1,1);
b = [b0;b11;b12;b21;b22;b31;b32;];
c = A*x-b;
